
1
tCNNS
0.001 64 4.8288347001549985
0.0001 74 5.153124933813842
1e-05 64 5.245221655311738
best lr:  0.001
97 8.06728716865524
Precily
0.001 88 5.386696384994422
0.0001 82 5.922999046949501
1e-05 92 6.001738711540634
best lr:  0.001
99 6.949677046199146
DeepDSC
0.001 74 5.059226134648509
0.0001 53 5.575218100110467
1e-05 97 5.676636794174873
best lr:  0.001
84 6.897315125088843

10
tCNNS
0.001 90 6.255408927958499
0.0001 97 7.184538641924499
1e-05 97 7.23523235705591
best lr:  0.001
53 3.711376413785292
Precily
0.001 54 9.857363426236697
0.0001 50 10.872215075518495
1e-05 59 11.143334815098394
best lr:  0.001
54 4.314091803619216
DeepDSC
0.001 73 8.313706528115016
0.0001 83 8.310813234057477
1e-05 62 8.324418288405223
best lr:  0.0001
52 4.670171387617101

100
tCNNS
0.001 50 4.903687773810493
0.0001 77 5.738414137098524
1e-05 95 5.858050101951316
best lr:  0.001
50 4.613727891169367
Precily
0.001 54 6.920681628209573
0.0001 51 8.2890514921259
1e-05 51 8.532232021049216
best lr:  0.001
83 6.110203655611532
DeepDSC
0.001 54 5.309321721041644
0.0001 83 5.605142952601115
1e-05 54 5.689961854440194
best lr:  0.001
75 5.336035197428798
