
1
tCNNS
0.001 94 2.405789309460662
0.0001 68 2.4678337584716483
1e-05 52 2.493300461411385
best lr:  0.001
67 2.0798709858729185
Precily
0.001 50 2.512204183080676
0.0001 69 2.696387355040825
1e-05 51 2.8023331197851986
best lr:  0.001
54 2.224721038651004
DeepDSC
0.001 52 2.0322104141329613
0.0001 56 2.1630577984791524
1e-05 85 2.210168968724772
best lr:  0.001
95 1.891790355305667

10
tCNNS
0.001 79 2.0915893608714575
0.0001 65 2.18963884306364
1e-05 99 2.2136542552278446
best lr:  0.001
89 2.4690006189318487
Precily
0.001 56 2.177680686962904
0.0001 88 2.2161170887597352
1e-05 88 2.285581793356577
best lr:  0.001
84 2.2695139634703634
DeepDSC
0.001 54 1.9367976815156642
0.0001 59 2.0398777778786603
1e-05 79 2.0764513548380044
best lr:  0.001
54 2.167597026564569

100
tCNNS
0.001 68 2.1435718057938153
0.0001 58 2.2131384629507562
1e-05 77 2.2365776073428543
best lr:  0.001
53 2.28339089416575
Precily
0.001 93 2.0077336399800174
0.0001 52 2.096787672861737
1e-05 63 2.1703574705284066
best lr:  0.001
50 1.9849340840589085
DeepDSC
0.001 51 1.8441936611338658
0.0001 50 1.9638112980043658
1e-05 57 2.0012053558350265
best lr:  0.001
98 2.0082842555857887
