
1
tCNNS
0.001 68 0.5275040581525742
0.0001 76 0.7735285539904561
1e-05 62 0.8195480184934771
best lr:  0.001
87 0.815012523799977
Precily
0.001 58 0.8937448076960869
0.0001 50 1.0387773732861552
1e-05 69 1.0737880638145927
best lr:  0.001
79 0.7567058287284992
DeepDSC
0.001 88 0.7574537454848997
0.0001 51 0.8799560562027177
1e-05 58 0.9260953282324133
best lr:  0.001
79 0.6745278091026993

10
tCNNS
0.001 60 1.081912380197774
0.0001 86 1.644429726260049
1e-05 92 1.7074773859533463
best lr:  0.001
84 1.1075669621033644
Precily
0.001 96 0.36443689252649036
0.0001 63 0.38318194819163093
1e-05 63 0.39366303449091705
best lr:  0.001
55 0.5640155543725958
DeepDSC
0.001 66 0.5102901295845553
0.0001 65 0.6857810406396108
1e-05 52 0.7525629217950454
best lr:  0.001
83 0.6717988016113402

100
tCNNS
0.001 58 2.5362770814320137
0.0001 59 2.780287808385389
1e-05 59 2.808597474262632
best lr:  0.001
93 1.8242234636375927
Precily
0.001 54 1.011930656844172
0.0001 71 1.326138891022781
1e-05 98 1.4032029735630955
best lr:  0.001
59 2.4411904692528075
DeepDSC
0.001 94 1.808245901403756
0.0001 56 1.8198371262385928
1e-05 69 1.8537692448188519
best lr:  0.001
77 1.1751611656504584
