
1
tCNNS
0.001 53 0.6740429451328298
0.0001 71 0.7536237319414528
1e-05 84 0.7754074508295009
best lr:  0.001
93 0.7305386948429681
Precily
0.001 65 0.6221997731643197
0.0001 60 0.6390799967406308
1e-05 83 0.6590611479045209
best lr:  0.001
95 0.5905792570581623
DeepDSC
0.001 58 0.5729050934314728
0.0001 51 0.6813780595182748
1e-05 96 0.7078252592323963
best lr:  0.001
69 0.6279295645508112

10
tCNNS
0.001 83 0.6542502988262026
0.0001 96 0.6780143417760671
1e-05 87 0.6834846296777236
best lr:  0.001
52 0.7927326269037142
Precily
0.001 73 0.4983482730138004
0.0001 51 0.5549286835375346
1e-05 63 0.5751529905783519
best lr:  0.001
79 0.6520490480533109
DeepDSC
0.001 61 0.5418681202752518
0.0001 84 0.6188219008323554
1e-05 64 0.6292382533932485
best lr:  0.001
63 0.6585410468065207

100
tCNNS
0.001 71 0.7129485789934794
0.0001 51 0.7532103195190429
1e-05 62 0.7620409744580586
best lr:  0.001
58 0.6716451098189972
Precily
0.001 87 0.6416136770248413
0.0001 67 0.6908796218236287
1e-05 55 0.6992605055173238
best lr:  0.001
52 0.6427962811830366
DeepDSC
0.001 53 0.5267824473381042
0.0001 78 0.586734051545461
1e-05 54 0.6072929981549581
best lr:  0.001
92 0.5980202815879648
